4.042663872241973877e-01
2.717887461185455322e-01
1.285541653633117676e-01
3.844366073608398438e-01
4.640997350215911865e-01
2.151908725500106812e-01
-7.484421133995056152e-01
-2.438770979642868042e-01
4.064504504203796387e-01
-1.744726300239562988e-01
-4.112096130847930908e-01
-1.014394536614418030e-01
-4.333317875862121582e-01
-7.941599488258361816e-01
-1.570639491081237793e+00
-1.240671992301940918e+00
-1.203286767005920410e+00
-6.733306646347045898e-01
-5.568913221359252930e-01
-7.074809074401855469e-01
-9.245127439498901367e-01
5.230201482772827148e-01
1.489876061677932739e-01
3.342647552490234375e-01
-2.433017492294311523e-01
5.235682707279920578e-03
-6.638972759246826172e-01
-2.495086193084716797e-01
-4.330170154571533203e-01
-5.866868495941162109e-01
-3.117258548736572266e-01
1.994446814060211182e-01
-1.043525114655494690e-01
1.259961277246475220e-01
2.809338569641113281e-01
2.488888204097747803e-01
1.218016520142555237e-01
3.590556234121322632e-02
-3.420210182666778564e-01
-4.900293648242950439e-01
-1.834299564361572266e-01
2.090376913547515869e-01
-6.072741467505693436e-03
-4.480097591876983643e-01
-9.207863211631774902e-01
-3.889329731464385986e-01
-5.010317564010620117e-01
7.458629459142684937e-02
6.940506696701049805e-01
6.864722967147827148e-01
5.702216625213623047e-01
5.764382481575012207e-01
-2.718006968498229980e-01
-2.910803854465484619e-01
-1.819453597068786621e+00
-7.704308629035949707e-01
-7.878656983375549316e-01
-7.928027510643005371e-01
-8.047397732734680176e-01
-3.882412314414978027e-01
5.644904449582099915e-02
5.325352549552917480e-01
1.371364593505859375e-01
2.257437109947204590e-01
6.108847260475158691e-01
-3.997676372528076172e-01
-1.346931755542755127e-01
3.142851889133453369e-01
7.999935001134872437e-02
-3.634808659553527832e-01
-3.447150290012359619e-01
-5.210143923759460449e-01
-3.743592798709869385e-01
-8.828692138195037842e-02
-3.175549507141113281e-01
-2.688070237636566162e-01
-5.567710995674133301e-01
-2.218669801950454712e-01
-4.388944208621978760e-01
1.977823078632354736e-01
1.480010002851486206e-01
-1.410773396492004395e-01
2.163544148206710815e-01
9.659767150878906250e-01
7.949949502944946289e-01
4.576113820075988770e-01
7.246875166893005371e-01
7.780497670173645020e-01
4.690889418125152588e-01
2.775941975414752960e-02
2.469043135643005371e-01
8.234497904777526855e-02
1.682256311178207397e-01
8.762632310390472412e-02
8.040305227041244507e-03
-1.715524941682815552e-01
-3.047822713851928711e-01
-4.127439558506011963e-01
-4.119310379028320312e-01
-6.203067898750305176e-01
-2.011580020189285278e-01
7.781494874507188797e-03
4.524373412132263184e-01
5.418280959129333496e-01
7.355437874794006348e-01
-9.425264596939086914e-02
6.656574606895446777e-01
4.657850265502929688e-01
2.597814202308654785e-01
2.462714314460754395e-01
4.852467179298400879e-01
1.899713724851608276e-01
-7.838952355086803436e-03
-2.472332492470741272e-02
-2.102174162864685059e-01
-4.265099167823791504e-01
-6.300289630889892578e-01
-4.517347216606140137e-01
-6.755372881889343262e-01
-5.323117971420288086e-01
-2.811059057712554932e-01
-7.035975903272628784e-02
-1.303614526987075806e-01
-2.415179610252380371e-01
2.977758646011352539e-01
2.103052437305450439e-01
4.786178171634674072e-01
6.054790019989013672e-01
-4.134663566946983337e-02
4.734822213649749756e-01
5.519697666168212891e-01
-4.028062522411346436e-02
1.824821978807449341e-01
-1.690313965082168579e-01
-9.190191626548767090e-01
2.023739516735076904e-01
1.806116700172424316e-01
-2.683688402175903320e-01
-3.999143838882446289e-01
3.979723900556564331e-02
1.311901584267616272e-02
-1.118968799710273743e-01
3.121187686920166016e-01
1.944060623645782471e-01
-3.171733021736145020e-01
-1.822226792573928833e-01
-1.193024635314941406e+00
-3.735289871692657471e-01
-3.918838500976562500e-01
-1.427968293428421021e-01
3.252621889114379883e-01
-2.961371541023254395e-01
-5.619240999221801758e-01
-2.451168596744537354e-01
-2.777031362056732178e-01
4.838926345109939575e-02
1.035810112953186035e-01
-4.376486875116825104e-03
-3.423520624637603760e-01
-7.208099365234375000e-01
-6.273090243339538574e-01
-1.889294236898422241e-01
1.182426661252975464e-01
1.503132879734039307e-01
2.126294076442718506e-01
1.576708704233169556e-01
6.219890434294939041e-03
-1.628843694925308228e-01
7.242446392774581909e-02
2.619532048702239990e-01
-5.037477612495422363e-01
7.578186690807342529e-02
-5.815195292234420776e-02
-2.452125549316406250e-01
-5.151649117469787598e-01
-6.874953508377075195e-01
-2.223117500543594360e-01
-8.905630558729171753e-02
-8.220875859260559082e-01
-4.460631310939788818e-01
-3.074853420257568359e-01
-5.404311791062355042e-02
5.887102335691452026e-02
-7.202523201704025269e-02
5.499629378318786621e-01
-8.127342909574508667e-02
-1.287051320075988770e+00
-4.292086958885192871e-01
-2.177221179008483887e-01
-2.486682683229446411e-01
-1.564506441354751587e-01
2.090799510478973389e-01
1.686367578804492950e-02
2.826682329177856445e-01
-3.108723647892475128e-02
-8.646250516176223755e-02
3.096918761730194092e-01
2.157831490039825439e-01
3.060128688812255859e-01
1.098156347870826721e-01
-5.018377900123596191e-01
-8.345503807067871094e-01
-5.954417586326599121e-01
-7.187986969947814941e-01
-1.239448189735412598e+00
-1.542635440826416016e+00
-1.617309570312500000e+00
-1.086960673332214355e+00
-1.949649691581726074e+00
-1.234246730804443359e+00
-1.410978913307189941e+00
-1.355606764554977417e-01
2.004081755876541138e-01
-2.595546543598175049e-01
2.494519799947738647e-01
-1.563091576099395752e-01
-2.009479850530624390e-01
9.147486835718154907e-02
3.424488380551338196e-02
-6.578395515680313110e-02
-1.999100670218467712e-02
-1.746754646301269531e-01
-3.214828372001647949e-01
2.737127244472503662e-01
3.091174364089965820e-01
2.231671512126922607e-01
1.575613319873809814e-01
2.335332930088043213e-01
7.222563773393630981e-02
1.198203265666961670e-01
-3.852913081645965576e-01
1.243166550993919373e-01
-3.440515995025634766e-01
-6.852250099182128906e-01
-2.085682868957519531e+00
-3.462636768817901611e-01
-2.016304254531860352e+00
-4.786585271358489990e-01
-1.589093565940856934e+00
-6.182445958256721497e-02
1.960159838199615479e-01
-7.410652190446853638e-02
-2.761457674205303192e-02
-4.976003617048263550e-02
8.452422171831130981e-02
1.600970327854156494e-01
3.166267648339271545e-02
-1.045327037572860718e-01
-3.794893324375152588e-01
-6.645033955574035645e-01
-8.086353540420532227e-01
-8.678301572799682617e-01
-2.147261500358581543e-01
2.113103568553924561e-01
4.932730197906494141e-01
5.895359441637992859e-02
-8.393060415983200073e-02
-3.596536219120025635e-01
-8.210809826850891113e-01
-3.331247866153717041e-01
-5.619096159934997559e-01
-6.389630585908889771e-02
-5.557042732834815979e-02
4.448091089725494385e-01
4.374589025974273682e-01
3.496485054492950439e-01
6.255753636360168457e-01
4.241188168525695801e-01
-1.755181699991226196e-01
-2.557643353939056396e-01
-1.788013279438018799e-01
-7.150463014841079712e-02
-5.007704496383666992e-01
-3.145818114280700684e-01
-8.101063966751098633e-02
-3.632695078849792480e-01
-6.667585968971252441e-01
3.337317705154418945e-02
-2.710424549877643585e-02
3.159275054931640625e-01
1.543831974267959595e-01
5.610048770904541016e-01
5.123453140258789062e-01
2.177853286266326904e-01
3.788505196571350098e-01
3.041217923164367676e-01
4.412268996238708496e-01
1.324434131383895874e-01
4.340446889400482178e-01
1.028609797358512878e-01
-4.902514070272445679e-02
-1.804206818342208862e-01
-1.238929331302642822e-01
-2.892356812953948975e-01
-4.091795682907104492e-01
3.081152960658073425e-02
-3.492521643638610840e-01
-2.973636686801910400e-01
-1.296115368604660034e-01
-3.664307296276092529e-01
-1.391106098890304565e-01
4.082603007555007935e-02
5.049570202827453613e-01
4.714392423629760742e-01
-3.811274766921997070e-01
-2.220964282751083374e-01
-1.812704503536224365e-01
-6.818031072616577148e-01
-4.891028404235839844e-01
-5.289528053253889084e-03
2.201223522424697876e-01
-1.046363785862922668e-01
-7.881751656532287598e-02
-7.377180457115173340e-02
-1.738339066505432129e-01
-9.121899306774139404e-02
-7.267575860023498535e-01
-1.111435174942016602e+00
-3.917689993977546692e-02
-5.391618013381958008e-01
1.458556056022644043e-01
-1.338281668722629547e-02
3.442350327968597412e-01
2.809586226940155029e-01
1.765370219945907593e-01
-1.301749516278505325e-02
-2.496125698089599609e-01
-2.674830853939056396e-01
1.863612830638885498e-01
7.959378510713577271e-02
-2.489719241857528687e-01
9.043019264936447144e-02
-4.205775558948516846e-01
-5.027276277542114258e-01
-1.163957357406616211e+00
-2.395662546157836914e+00
-1.663193702697753906e+00
1.680673807859420776e-01
2.288246601819992065e-01
9.242328256368637085e-02
3.455951809883117676e-02
1.091519892215728760e-01
-4.364327341318130493e-02
-8.658908307552337646e-02
3.235304355621337891e-01
3.270854353904724121e-01
2.856154739856719971e-01
3.143369257450103760e-01
2.255072444677352905e-01
-1.234512403607368469e-02
9.968090802431106567e-02
2.409468740224838257e-01
1.282604932785034180e-01
1.234990805387496948e-01
4.003894031047821045e-01
-6.850976347923278809e-01
-1.522958755493164062e+00
-2.263891220092773438e+00
-1.181141734123229980e+00
-6.817297935485839844e-01
-4.836327731609344482e-01
-2.601517438888549805e-01
-3.086224496364593506e-01
-8.888948559761047363e-01
-7.713724970817565918e-01
-1.200213670730590820e+00
-5.846049189567565918e-01
8.251832798123359680e-03
1.262707561254501343e-01
1.690484881401062012e-01
6.121912598609924316e-01
2.901412248611450195e-01
5.141522735357284546e-03
1.922474205493927002e-01
1.024683862924575806e-01
2.139531075954437256e-01
1.513852924108505249e-02
-1.480447292327880859e+00
-5.728215575218200684e-01
-7.679780721664428711e-01
-2.050944268703460693e-01
6.229049339890480042e-02
-2.588667534291744232e-02
5.881049484014511108e-02
3.139363229274749756e-01
2.956537604331970215e-01
1.380800455808639526e-02
-8.228963017463684082e-01
-3.961366713047027588e-01
-5.087834000587463379e-01
-2.672196924686431885e-01
4.676207154989242554e-02
-2.304761111736297607e-01
6.805349257774651051e-04
-7.201540470123291016e-02
-2.333922237157821655e-01
-2.805022299289703369e-01
-3.420548737049102783e-01
-2.555668950080871582e-01
-5.106838345527648926e-01
-1.341875791549682617e+00
-5.559200644493103027e-01
-8.430456519126892090e-01
6.046544760465621948e-02
-7.140224426984786987e-02
-4.037304818630218506e-01
-2.047951072454452515e-01
-5.859396979212760925e-02
-1.453960239887237549e-01
-5.303813517093658447e-02
3.326017037034034729e-02
1.217649802565574646e-01
-3.905206024646759033e-01
-1.073655188083648682e-01
-3.511359095573425293e-01
-4.510588049888610840e-01
2.363904714584350586e-01
-3.605243936181068420e-02
-4.698260128498077393e-01
-3.091758191585540771e-01
-1.107880830764770508e+00
-3.993637859821319580e-01
-4.447455704212188721e-01
-1.990715712308883667e-01
-5.775688290596008301e-01
-1.932854652404785156e-01
-2.618547976016998291e-01
-3.381636738777160645e-01
-2.792985439300537109e-01
2.933539152145385742e-01
2.620377242565155029e-01
3.550801873207092285e-01
6.237415224313735962e-02
4.618813693523406982e-01
2.210244685411453247e-01
-5.848127231001853943e-02
1.829579174518585205e-01
2.880213260650634766e-01
-2.680756524205207825e-02
-1.746060103178024292e-01
-4.187248181551694870e-03
-7.331251502037048340e-01
-5.118305683135986328e-01
-8.979904055595397949e-01
-2.653955221176147461e-01
-2.426522970199584961e-01
-2.212604731321334839e-01
3.769739568233489990e-01
-1.245801076292991638e-01
2.285379320383071899e-01
2.001155167818069458e-01
6.003078222274780273e-01
4.999669492244720459e-01
7.890151143074035645e-01
3.859436213970184326e-01
-8.622702956199645996e-02
2.400901913642883301e-02
-3.164840936660766602e-01
-5.412968993186950684e-01
-1.578590422868728638e-01
1.488784849643707275e-01
2.669833302497863770e-01
-3.615163564682006836e-01
-5.605397820472717285e-01
-7.891672253608703613e-01
-3.516141176223754883e-01
-2.641132473945617676e-01
-4.263493716716766357e-01
-4.429759383201599121e-01
-2.920041680335998535e-01
-1.619504094123840332e-01
2.475031167268753052e-01
2.947104573249816895e-01
1.477118581533432007e-01
-3.739635646343231201e-02
5.333061814308166504e-01
1.120127514004707336e-01
-6.427916288375854492e-01
-7.255155444145202637e-01
-5.250588655471801758e-01
-6.106683611869812012e-01
-5.009813904762268066e-01
4.306912720203399658e-01
4.079572260379791260e-01
7.325335741043090820e-01
7.195928096771240234e-01
1.566857844591140747e-01
1.621837764978408813e-01
-2.009739130735397339e-01
-3.884883224964141846e-02
-4.752731323242187500e-01
-1.014749526977539062e+00
-7.555930018424987793e-01
-3.062672019004821777e-01
1.673604696989059448e-01
8.283936977386474609e-01
6.882669925689697266e-01
4.296156764030456543e-01
6.784553527832031250e-01
4.723403751850128174e-01
3.340348601341247559e-01
7.097879797220230103e-02
-3.941507637500762939e-02
1.875861883163452148e-01
2.261243015527725220e-01
2.868186235427856445e-01
1.834570020437240601e-01
3.658542037010192871e-01
-1.952293515205383301e-01
-2.937593758106231689e-01
3.627837002277374268e-01
1.956163793802261353e-01
