-5.756856203079223633e-01
-2.965190708637237549e-01
-2.749466001987457275e-01
6.953680515289306641e-01
1.337764598429203033e-02
-5.234960913658142090e-01
8.739993721246719360e-02
-9.053927659988403320e-01
-4.954307675361633301e-01
-3.269301354885101318e-01
-2.240117192268371582e-01
-6.402922868728637695e-01
4.430319964885711670e-01
-2.555555198341608047e-03
2.654654383659362793e-01
-6.161333918571472168e-01
-1.873019635677337646e-01
1.638322025537490845e-01
2.719734013080596924e-01
-3.268020451068878174e-01
-9.613844156265258789e-01
-1.507972478866577148e+00
1.292971987277269363e-02
-1.151221156120300293e+00
3.725625872611999512e-01
2.203422337770462036e-01
-7.784531265497207642e-02
-1.001058697700500488e+00
-2.863290719687938690e-02
-3.213216960430145264e-01
-1.914777159690856934e-01
-2.044929265975952148e-01
-3.606569766998291016e-01
-3.601708114147186279e-01
-5.934472754597663879e-02
-1.514066606760025024e-01
-8.073464035987854004e-01
-1.365212500095367432e-01
6.244879961013793945e-01
4.802056550979614258e-01
1.130712106823921204e-01
4.125967919826507568e-01
-1.508249640464782715e-01
5.240706801414489746e-01
7.272335290908813477e-01
9.817037582397460938e-01
1.228822827339172363e+00
1.149644136428833008e+00
1.257548034191131592e-01
-2.859379351139068604e-01
-3.192430138587951660e-01
7.963263392448425293e-01
7.969062775373458862e-03
3.410814106464385986e-01
7.610868811607360840e-01
4.893867075443267822e-01
1.053571939468383789e+00
-2.784728407859802246e-01
1.218543127179145813e-01
2.741907350718975067e-02
1.936356425285339355e-01
-3.230276405811309814e-01
-1.808212399482727051e-01
-7.021431326866149902e-01
5.181205272674560547e-01
8.538080006837844849e-02
-2.248111367225646973e-01
2.714762985706329346e-01
5.091192722320556641e-01
3.712122738361358643e-01
8.418213725090026855e-01
-6.910851001739501953e-01
5.256060957908630371e-01
3.619069457054138184e-01
5.082033872604370117e-01
2.211371809244155884e-01
-6.546339392662048340e-01
-1.535769701004028320e-01
7.512119412422180176e-01
9.058710932731628418e-02
6.541202962398529053e-02
1.748365908861160278e-01
-4.095280170440673828e-01
4.604411721229553223e-01
4.168668985366821289e-01
3.762367665767669678e-01
1.938836276531219482e-01
7.947058081626892090e-01
5.356919765472412109e-01
7.113277912139892578e-01
-1.183748319745063782e-01
-7.527095675468444824e-01
3.587504029273986816e-01
8.249007463455200195e-01
2.987610101699829102e-01
3.115713596343994141e-01
2.641865015029907227e-01
-5.934880375862121582e-01
-3.499271869659423828e-01
-1.105095028877258301e+00
-1.337626457214355469e+00
-1.660857200622558594e-01
-6.203514337539672852e-01
5.151753127574920654e-02
-3.769715130329132080e-01
-2.047031968832015991e-01
-4.457096755504608154e-01
1.183584854006767273e-01
-1.804420910775661469e-02
-1.834112107753753662e-01
-2.326605319976806641e-01
1.379754245281219482e-01
-1.626204103231430054e-01
-2.975427210330963135e-01
-5.104836821556091309e-01
1.223720684647560120e-01
-7.478716969490051270e-01
-9.827011227607727051e-01
-2.421633750200271606e-01
-2.892535030841827393e-01
-4.759067296981811523e-01
-9.315962791442871094e-01
5.264402553439140320e-02
-1.867236793041229248e-01
1.560871154069900513e-01
-4.633924961090087891e-01
-4.684472084045410156e-01
-5.034641623497009277e-01
-1.975912749767303467e-01
-9.298901259899139404e-02
-9.374753236770629883e-01
-1.862565636634826660e+00
3.219764232635498047e-01
4.830304905772209167e-02
1.006981283426284790e-01
-2.099100500345230103e-01
4.022781550884246826e-01
5.009673833847045898e-01
6.346829235553741455e-02
4.779104292392730713e-01
-6.801166385412216187e-02
4.112173244357109070e-02
1.106765717267990112e-01
9.708632528781890869e-02
2.340424656867980957e-01
4.083892405033111572e-01
9.962904453277587891e-01
4.343299269676208496e-01
6.550003290176391602e-01
3.023484945297241211e-01
-7.869982719421386719e-01
-1.207485675811767578e+00
8.069012165069580078e-01
4.064772427082061768e-01
4.010608196258544922e-01
6.008264143019914627e-03
-9.195766448974609375e-01
-4.359834790229797363e-01
-5.661590099334716797e-01
-3.374060988426208496e-01
-6.301862001419067383e-01
-1.407281875610351562e+00
-1.481334567070007324e+00
-8.462828397750854492e-01
-3.978115618228912354e-01
3.826206326484680176e-01
5.272145867347717285e-01
6.766086220741271973e-01
3.400628268718719482e-01
-1.561174690723419189e-01
1.068532690405845642e-01
6.287395358085632324e-01
-1.829500049352645874e-01
1.103063896298408508e-01
-2.587987184524536133e-01
1.672626435756683350e-01
4.713668525218963623e-01
3.815910220146179199e-01
2.767288088798522949e-01
3.257792592048645020e-01
7.925508022308349609e-01
5.097901821136474609e-01
-1.262283086776733398e+00
-8.378378748893737793e-01
3.368205428123474121e-01
-6.465641260147094727e-01
-2.460869550704956055e-01
5.939332246780395508e-01
1.051227211952209473e+00
6.901283860206604004e-01
4.264996647834777832e-01
7.146661281585693359e-01
-8.183677494525909424e-02
4.393107816576957703e-02
-1.180840507149696350e-01
-4.912231564521789551e-01
-2.124422788619995117e-01
-2.428233921527862549e-01
7.130639553070068359e-01
7.142652273178100586e-01
1.228180453181266785e-01
1.940714567899703979e-01
-9.627217054367065430e-02
-6.288592219352722168e-01
1.052112698554992676e+00
1.067924737930297852e+00
1.064860224723815918e-01
8.719713091850280762e-01
9.531123638153076172e-01
-5.581698417663574219e-01
-1.160758376121520996e+00
-1.693099975585937500e+00
6.765699386596679688e-01
3.675475483760237694e-03
-2.313806712627410889e-01
-3.610090017318725586e-01
-9.345821142196655273e-01
-9.692507237195968628e-02
5.814760923385620117e-01
1.557352066040039062e+00
-5.138739943504333496e-02
-5.356526374816894531e-01
2.286999523639678955e-01
-5.575818419456481934e-01
-7.878910303115844727e-01
-8.535712957382202148e-02
-5.516972541809082031e-01
2.926272451877593994e-01
5.114796757698059082e-01
2.257295250892639160e-01
3.591291904449462891e-01
-5.234720706939697266e-01
8.306742906570434570e-01
5.534097552299499512e-01
7.643240094184875488e-01
5.440942943096160889e-02
-4.932835102081298828e-01
3.559013903141021729e-01
6.878336668014526367e-01
8.845185041427612305e-01
1.079880818724632263e-01
7.920953631401062012e-02
-9.327746033668518066e-01
-1.927374005317687988e+00
-1.387135028839111328e+00
2.462404519319534302e-01
2.903980910778045654e-01
2.820841372013092041e-01
1.002446889877319336e+00
8.695083856582641602e-01
9.201113879680633545e-02
4.803571105003356934e-01
7.835915684700012207e-01
-1.082284331321716309e+00
-9.684194326400756836e-01
-9.561981558799743652e-01
-2.433071583509445190e-01
4.099033176898956299e-01
7.068094611167907715e-01
3.038399219512939453e-01
-4.567283391952514648e-01
-1.800648868083953857e-01
-7.499828934669494629e-02
-3.370485603809356689e-01
-2.119393348693847656e-01
-4.768493771553039551e-01
6.664952039718627930e-01
8.847599029541015625e-01
1.101282596588134766e+00
9.978610277175903320e-01
6.536615490913391113e-01
2.130032926797866821e-01
-4.143677949905395508e-01
-2.996185719966888428e-01
-1.707575023174285889e-01
-5.062714815139770508e-01
6.221696138381958008e-01
-1.117639183998107910e+00
2.282985001802444458e-01
1.395159065723419189e-01
3.532477021217346191e-01
-1.851138174533843994e-01
-1.266059130430221558e-01
3.019374907016754150e-01
-3.973656892776489258e-01
-1.920404285192489624e-01
5.640954896807670593e-02
-8.281345367431640625e-01
-1.208856582641601562e+00
-3.769941329956054688e-01
1.116991937160491943e-01
1.960040628910064697e-01
7.816416025161743164e-01
1.199482083320617676e-01
1.525099128484725952e-01
4.964005947113037109e-02
-6.342916935682296753e-02
-3.030971884727478027e-01
-1.706262081861495972e-01
6.223827600479125977e-01
9.076884984970092773e-01
5.433471798896789551e-01
5.493501424789428711e-01
5.993336439132690430e-01
6.179106235504150391e-01
1.030269265174865723e-01
1.815896183252334595e-01
-9.212854504585266113e-01
-7.078105211257934570e-01
-4.500983059406280518e-01
-1.787703633308410645e+00
-2.480631321668624878e-01
-5.585209131240844727e-01
-2.244203165173530579e-02
2.213058471679687500e-01
-1.317898333072662354e-01
-2.706604897975921631e-01
-7.093241810798645020e-02
-1.764185309410095215e+00
-7.242417931556701660e-01
1.809005290269851685e-01
-5.101902484893798828e-01
-2.111557483673095703e+00
-1.268224358558654785e+00
-1.099117159843444824e+00
-9.555967450141906738e-01
2.235103994607925415e-01
4.683803319931030273e-01
2.731865346431732178e-01
3.326910734176635742e-01
7.625964879989624023e-01
1.105142757296562195e-01
5.475416183471679688e-01
4.622283875942230225e-01
-3.496123850345611572e-01
-4.356498420238494873e-01
-7.765610516071319580e-02
-2.982013523578643799e-01
1.490330975502729416e-02
-2.100707292556762695e-01
5.019577965140342712e-02
7.254387140274047852e-01
4.718466103076934814e-01
-2.100495994091033936e-01
2.094536833465099335e-02
1.007275462150573730e+00
9.256651401519775391e-01
6.051187217235565186e-02
4.318099021911621094e-01
6.314228177070617676e-01
3.308475315570831299e-01
2.011411190032958984e-01
2.746307253837585449e-01
-6.845272779464721680e-01
-3.259939253330230713e-01
4.986442625522613525e-02
3.461444377899169922e-01
1.061257839202880859e+00
7.709970474243164062e-01
4.839508533477783203e-01
6.889689713716506958e-02
3.094199299812316895e-01
1.016480445861816406e+00
2.002004832029342651e-01
2.903030514717102051e-01
5.223936438560485840e-01
-6.009642779827117920e-02
1.286427229642868042e-01
3.064593374729156494e-01
1.680099666118621826e-01
2.897222042083740234e-01
-1.550210565328598022e-01
-1.355818986892700195e+00
1.047071889042854309e-01
-1.169465407729148865e-01
-1.546481102705001831e-01
-3.713328242301940918e-01
7.117490470409393311e-02
-1.944297701120376587e-01
-7.409023642539978027e-01
-3.426813781261444092e-01
-7.509059458971023560e-02
-2.679968774318695068e-01
2.595581114292144775e-02
6.592501401901245117e-01
8.650447130203247070e-01
8.822368979454040527e-01
6.347807049751281738e-01
3.562916815280914307e-01
-1.479355573654174805e+00
-7.068461179733276367e-01
-1.724592410027980804e-03
3.115136921405792236e-01
-2.633189260959625244e-01
-2.925723195075988770e-01
4.789677448570728302e-03
2.944169938564300537e-01
1.286923438310623169e-01
2.760123014450073242e-01
1.711280345916748047e-01
2.321085780858993530e-01
-4.292830228805541992e-01
-5.023538470268249512e-01
-9.804553985595703125e-01
-2.056956142187118530e-01
5.725300908088684082e-01
9.701658040285110474e-02
1.644296944141387939e-01
3.295695781707763672e-02
1.449783593416213989e-01
-7.581416964530944824e-01
-4.575307965278625488e-01
6.004385650157928467e-02
4.017959535121917725e-02
-4.222725629806518555e-01
-8.653666973114013672e-01
-5.066030621528625488e-01
-4.584710299968719482e-01
-2.676073312759399414e-01
5.154948234558105469e-01
2.337111681699752808e-01
4.900765419006347656e-01
4.421930611133575439e-01
3.826643228530883789e-01
-3.830229043960571289e-01
-2.425237149000167847e-01
5.214931964874267578e-01
5.983617305755615234e-01
8.182715177536010742e-01
2.846323847770690918e-01
1.536163538694381714e-01
-3.510599732398986816e-01
-2.673003971576690674e-01
-4.564839005470275879e-01
-2.639112174510955811e-01
-9.976599812507629395e-01
-1.565821290016174316e+00
5.454401373863220215e-01
1.488177627325057983e-01
-1.525769531726837158e-01
-3.158144354820251465e-01
3.951504230499267578e-01
5.133491158485412598e-01
5.796674489974975586e-01
5.668511390686035156e-01
9.135107696056365967e-02
4.432777687907218933e-02
7.001039385795593262e-01
3.579352796077728271e-01
-2.994214594364166260e-01
-2.433760464191436768e-01
-3.662074804306030273e-01
-3.913317918777465820e-01
-7.568845748901367188e-01
-7.258760929107666016e-01
1.291864514350891113e-01
-4.307702481746673584e-01
3.875923529267311096e-02
2.819753885269165039e-01
2.818451821804046631e-01
-2.010101079940795898e-01
4.530952870845794678e-01
4.787071049213409424e-01
-3.971970453858375549e-02
-3.098767101764678955e-01
1.634001284837722778e-01
-3.935067355632781982e-01
4.358297586441040039e-01
3.641413450241088867e-01
1.883603483438491821e-01
5.672730207443237305e-01
8.111675381660461426e-01
-1.535607129335403442e-01
4.287444353103637695e-01
-3.709108829498291016e-01
-4.116263985633850098e-01
5.560263991355895996e-01
-1.919572830200195312e+00
-1.030397295951843262e+00
5.424558743834495544e-02
2.357074320316314697e-01
2.902258038520812988e-01
6.308326721191406250e-01
-6.155460476875305176e-01
-1.885365396738052368e-01
1.351871192455291748e-01
-5.191513299942016602e-01
-4.649112820625305176e-01
-2.486826106905937195e-02
-4.251562654972076416e-01
-6.148176789283752441e-01
-4.854057729244232178e-01
-8.654967546463012695e-01
-6.961808204650878906e-01
-9.123336523771286011e-02
5.992465838789939880e-02
-4.562655463814735413e-02
-1.022502407431602478e-01
1.234704017639160156e+00
1.318949460983276367e+00
3.873668909072875977e-01
1.248915553092956543e+00
1.126759409904479980e+00
7.595910429954528809e-01
-1.229517221450805664e+00
6.897773742675781250e-01
5.856175422668457031e-01
4.810867905616760254e-01
2.707637846469879150e-01
3.835678100585937500e-02
1.279029697179794312e-01
3.600103557109832764e-01
