3.511542081832885742e-01
1.222795993089675903e-01
-3.283087611198425293e-01
7.755182385444641113e-01
1.148879170417785645e+00
4.764961600303649902e-01
3.887644708156585693e-01
-4.107455015182495117e-01
-8.899886161088943481e-03
2.716952264308929443e-01
4.737371206283569336e-02
-1.165376156568527222e-01
-1.760095655918121338e-01
3.616990447044372559e-01
4.597779735922813416e-02
5.215155705809593201e-02
1.432449668645858765e-01
3.417272269725799561e-01
7.770087569952011108e-02
-1.123468205332756042e-01
-3.268086314201354980e-01
-9.827716648578643799e-02
-2.449909150600433350e-01
-4.840918481349945068e-01
3.136658072471618652e-01
7.636605203151702881e-02
-1.676631532609462738e-02
2.049814909696578979e-01
2.588790357112884521e-01
-2.516827285289764404e-01
-7.655330300331115723e-01
-3.781476616859436035e-02
-1.773048192262649536e-01
-2.689981162548065186e-01
-2.003585994243621826e-01
1.609292924404144287e-01
-2.130480110645294189e-01
-5.098223090171813965e-01
-1.624898612499237061e-01
5.909587740898132324e-01
2.977280020713806152e-01
-1.836074590682983398e-01
9.465033560991287231e-02
-1.919999569654464722e-01
1.044236216694116592e-02
3.113308846950531006e-01
-5.359369516372680664e-01
-1.624287813901901245e-01
3.544402420520782471e-01
8.664188981056213379e-01
-3.071569502353668213e-01
-3.106711506843566895e-01
-5.351328849792480469e-01
-3.064109385013580322e-01
-1.775976270437240601e-01
2.161619067192077637e-01
3.267233967781066895e-01
-6.239300966262817383e-02
3.710069358348846436e-01
-4.848928749561309814e-02
-5.237247347831726074e-01
4.699272811412811279e-01
3.604901432991027832e-01
-1.340339481830596924e-01
