00001000000000000000000000000000
00000111111111011111111110011100
00000111111101101111111100111000
00000111111010011111111011010100
00000111110110001111111001110001
00000111110000101111111000001111
00000111101001111111110110101110
00000111100010001111110101001111
00000111011001001111110011110001
00000111001110111111110010010101
00000111000011101111110000111011
00000110110111001111101111100100
00000110101001101111101110001111
00000110011011001111101100111101
00000110001011111111101011101101
00000101111011011111101010100001
00000101101010001111101001011000
00000101010111111111101000010011
00000101000100111111100111010001
00000100110000111111100110010100
00000100011100011111100101011010
00000100000111001111100100100100
00000011110001011111100011110010
00000011011010111111100011000101
00000011000011111111100010011100
00000010101100011111100001111000
00000010010100101111100001011001
00000001111100011111100000111110
00000001100011111111100000101000
00000001001011001111100000010111
00000000110010001111100000001010
00000000011001001111100000000011
00000000000000001111100000000000
11111111100111001111100000000011
11111111001110001111100000001010
11111110110101001111100000010111
11111110011100011111100000101000
11111110000011111111100000111110
11111101101011101111100001011001
11111101010011111111100001111000
11111100111100011111100010011100
11111100100101011111100011000101
11111100001110111111100011110010
11111011111001001111100100100100
11111011100011111111100101011010
11111011001111011111100110010100
11111010111011011111100111010001
11111010101000011111101000010011
11111010010110001111101001011000
11111010000100111111101010100001
11111001110100011111101011101101
11111001100101001111101100111101
11111001010110101111101110001111
11111001001001001111101111100100
11111000111100101111110000111011
11111000110001011111110010010101
11111000100111001111110011110001
11111000011110001111110101001111
11111000010110011111110110101110
11111000001111101111111000001111
11111000001010001111111001110001
11111000000101111111111011010100
11111000000010101111111100111000
11111000000000111111111110011100
